[0m           [38;2;189;190;193m▄[38;2;224;222;227m▄[38;2;221;218;222m▄[38;2;217;215;218;48;2;152;151;154m▄[38;2;215;211;214;48;2;186;184;188m▄[38;2;212;208;211;48;2;203;200;204m▄[38;2;210;206;208;48;2;214;210;214m▄[38;2;209;203;205;48;2;207;203;208m▄[38;2;208;202;203;48;2;192;188;191m▄[38;2;207;201;201;48;2;164;161;163m▄[38;2;207;200;201;48;2;125;122;124m▄[0m[38;2;207;200;200m▄[38;2;202;195;195m▄[38;2;137;132;133m▄[0m           [0m
       [38;2;144;145;147m▄[38;2;235;238;242m▄[38;2;228;226;230;48;2;202;202;205m▄[38;2;224;220;223;48;2;228;226;230m▄[38;2;220;216;219;48;2;224;221;224m▄[38;2;217;212;214;48;2;220;216;219m▄[38;2;214;208;209;48;2;217;212;216m▄[38;2;211;206;206;48;2;214;209;211m▄[38;2;209;202;203;48;2;211;206;207m▄[38;2;208;200;200;48;2;210;203;204m▄[38;2;207;198;198;48;2;208;201;201m▄[38;2;206;196;196;48;2;207;199;199m▄[38;2;205;196;195;48;2;206;198;198m▄[38;2;204;195;195;48;2;205;197;197m▄[38;2;204;195;194;48;2;205;196;196m▄▄▄[38;2;204;195;195;48;2;205;197;197m▄[48;2;206;197;197m▄[38;2;205;196;196;48;2;138;131;132m▄[0m[38;2;192;183;183m▄[0m        [0m
     [38;2;193;194;194m▄[38;2;250;249;250;48;2;189;190;191m▄[38;2;231;229;232;48;2;246;247;248m▄[38;2;225;220;224;48;2;234;232;235m▄[38;2;221;216;218;48;2;224;220;223m▄[38;2;218;212;213;48;2;220;216;218m▄[38;2;216;208;208;48;2;217;212;213m▄[38;2;213;205;205;48;2;214;208;209m▄[38;2;210;202;202;48;2;212;205;205m▄[38;2;208;199;199;48;2;210;202;202m▄[38;2;207;198;197;48;2;208;199;199m▄[38;2;206;196;195;48;2;207;197;197m▄[38;2;205;195;194;48;2;205;196;195m▄[48;2;205;195;194m▄[38;2;204;194;194;48;2;204;195;194m▄[38;2;204;194;193;48;2;204;194;194m▄▄[48;2;204;194;193m▄[38;2;205;194;194;48;2;204;194;194m▄[48;2;204;195;194m▄[38;2;205;195;194m▄[48;2;204;195;195m▄[38;2;205;195;195;48;2;205;196;195m▄[38;2;205;196;195;48;2;205;195;195m▄[0m[38;2;207;197;196m▄[0m      [0m
    [38;2;252;252;253;48;2;157;158;158m▄[38;2;236;236;237;48;2;249;249;250m▄[38;2;231;227;228;48;2;232;230;233m▄[38;2;225;220;221;48;2;226;222;225m▄[38;2;220;215;215;48;2;222;217;219m▄[38;2;218;210;210;48;2;219;213;213m▄[38;2;216;207;207;48;2;217;209;209m▄[38;2;212;204;203;48;2;214;206;206m▄[38;2;210;201;200;48;2;211;203;202m▄[38;2;208;199;198;48;2;209;200;199m▄[38;2;207;197;196;48;2;207;198;197m▄[38;2;206;196;195;48;2;206;196;196m▄[38;2;206;195;195;48;2;206;195;195m▄[38;2;206;194;194;48;2;205;195;194m▄[48;2;205;194;194m▄▄[38;2;206;194;193;48;2;205;194;193m▄[48;2;205;194;194m▄[38;2;206;194;194m▄[38;2;207;194;194m▄[48;2;206;194;194m▄[38;2;207;195;194m▄[38;2;207;195;195;48;2;206;195;195m▄▄[38;2;206;195;195;48;2;206;196;195m▄[38;2;206;196;195;48;2;206;196;196m▄[38;2;207;196;196;48;2;206;195;195m▄[0m[38;2;194;182;182m▄[0m    [0m
   [38;2;253;254;254;48;2;224;224;224m▄[38;2;235;234;235;48;2;245;245;246m▄[38;2;230;226;226;48;2;233;230;230m▄[38;2;227;220;220;48;2;229;224;224m▄[38;2;222;214;214;48;2;224;219;218m▄[38;2;218;209;209;48;2;220;213;212m▄[38;2;216;206;206;48;2;217;208;208m▄[38;2;213;204;203;48;2;214;205;205m▄[38;2;211;201;200;48;2;211;202;201m▄[38;2;209;199;198;48;2;209;199;199m▄[38;2;210;199;197;48;2;208;198;197m▄[38;2;211;200;198;48;2;207;196;196m▄[38;2;212;200;197;48;2;207;195;195m▄[38;2;213;200;197;48;2;207;194;194m▄[38;2;213;200;198m▄[38;2;213;200;197;48;2;207;194;193m▄[38;2;212;199;197m▄[38;2;212;199;196m▄[38;2;210;198;195m▄[38;2;209;196;194m▄[38;2;208;195;194;48;2;207;194;194m▄[48;2;207;195;194m▄[48;2;208;195;194m▄[38;2;208;196;194m▄[38;2;208;196;195;48;2;208;195;195m▄[48;2;208;196;195m▄[38;2;209;197;196;48;2;208;196;196m▄[38;2;208;197;196m▄[38;2;209;197;197;48;2;209;197;197m▄[38;2;211;196;197;48;2;139;127;129m▄[0m   [0m
  [38;2;254;254;254;48;2;214;214;215m▄[38;2;239;238;239;48;2;247;247;248m▄[38;2;230;226;226;48;2;232;228;229m▄[38;2;227;220;220;48;2;228;222;222m▄[38;2;223;215;214;48;2;225;217;217m▄[38;2;221;210;207;48;2;221;212;212m▄[38;2;221;209;204;48;2;218;208;208m▄[38;2;222;208;204;48;2;217;207;205m▄[38;2;226;202;208;48;2;217;207;204m▄[38;2;231;193;212;48;2;218;207;203m▄[38;2;235;186;212;48;2;220;208;204m▄[38;2;236;184;208m▄[38;2;237;178;208;48;2;221;208;204m▄[38;2;229;170;201;48;2;222;208;203m▄[38;2;222;161;191;48;2;222;207;203m▄[38;2;217;157;186m▄[38;2;217;156;186;48;2;222;207;204m▄[38;2;222;162;192;48;2;223;207;204m▄[38;2;228;175;200;48;2;222;207;203m▄[38;2;235;181;207;48;2;221;207;203m▄[38;2;235;185;210;48;2;221;207;204m▄[38;2;233;188;209;48;2;220;206;203m▄[38;2;231;193;210;48;2;218;204;201m▄[38;2;225;202;206;48;2;215;202;199m▄[38;2;221;206;204;48;2;212;199;197m▄[38;2;220;206;203;48;2;209;197;195m▄[38;2;216;203;201m▄[38;2;211;199;198;48;2;209;197;196m▄[38;2;210;198;197m▄[48;2;209;197;197m▄[48;2;210;198;197m▄[38;2;210;192;194;48;2;141;128;130m▄[0m  [0m
 [38;2;155;95;105;48;2;127;125;125m▄[38;2;254;254;254;48;2;253;253;253m▄[38;2;248;246;244;48;2;249;248;245m▄[38;2;223;214;211;48;2;229;224;224m▄[38;2;226;200;208;48;2;222;212;210m▄[38;2;234;174;208;48;2;222;210;206m▄[38;2;178;116;145;48;2;229;199;210m▄[38;2;142;52;97;48;2;234;186;210m▄[38;2;139;6;79;48;2;226;168;199m▄[38;2;181;0;107;48;2;183;124;152m▄[38;2;216;0;139;48;2;152;89;115m▄[38;2;240;0;162;48;2;141;57;96m▄[38;2;251;0;174;48;2;143;32;87m▄[38;2;254;0;178;48;2;146;10;85m▄[48;2;159;0;92m▄[38;2;254;0;175;48;2;170;0;102m▄[38;2;254;0;174;48;2;175;0;107m▄[48;2;179;0;109m▄[38;2;254;0;175;48;2;177;0;107m▄[38;2;254;0;179;48;2;162;0;95m▄[38;2;254;0;180;48;2;150;15;89m▄[38;2;252;0;178;48;2;145;36;88m▄[38;2;244;0;169;48;2;146;65;101m▄[38;2;225;0;150;48;2;159;96;121m▄[38;2;187;0;112;48;2;190;131;159m▄[38;2;132;10;73;48;2;228;172;202m▄[38;2;128;60;90;48;2;232;185;209m▄[38;2;182;124;154;48;2;226;199;207m▄[38;2;238;172;211;48;2;221;206;205m▄[38;2;224;198;206;48;2;216;203;201m▄[38;2;214;201;200;48;2;211;198;198m▄[38;2;212;199;198;48;2;211;198;197m▄[38;2;213;200;198;48;2;213;199;199m▄[0m[38;2;101;34;45m▄[0m [0m
 [38;2;157;72;81;48;2;156;70;81m▄[38;2;237;233;232;48;2;253;253;251m▄[38;2;228;220;219;48;2;238;233;231m▄[38;2;226;193;206;48;2;220;206;203m▄[38;2;244;70;195;48;2;237;152;205m▄[38;2;250;0;190;48;2;156;28;99m▄[38;2;254;0;212;48;2;201;0;124m▄[38;2;250;0;143;48;2;240;0;171m▄[38;2;196;0;82;48;2;253;0;204m▄[38;2;195;1;86;48;2;254;0;203m▄[38;2;249;1;145;48;2;254;0;175m▄[38;2;254;1;166;48;2;254;0;158m▄[38;2;254;0;138;48;2;254;0;150m▄[38;2;254;0;134;48;2;254;0;146m▄[38;2;254;0;133;48;2;254;0;144m▄[48;2;254;0;142m▄[38;2;254;0;132m▄[38;2;254;0;133;48;2;254;0;143m▄▄[38;2;254;0;134;48;2;254;0;145m▄[38;2;254;0;136;48;2;254;0;148m▄[38;2;254;0;138;48;2;254;0;153m▄[38;2;254;0;155;48;2;254;0;160m▄[38;2;247;0;155;48;2;254;0;171m▄[38;2;212;0;105;48;2;254;0;196m▄[38;2;207;0;91;48;2;253;0;200m▄[38;2;239;0;145;48;2;227;0;155m▄[38;2;253;0;213;48;2;161;0;92m▄[38;2;243;0;175;48;2;142;40;91m▄[38;2;243;86;199;48;2;241;157;216m▄[38;2;223;191;205;48;2;216;201;199m▄[38;2;214;200;198;48;2;212;199;198m▄[38;2;215;201;199;48;2;213;200;200m▄[38;2;123;44;50;48;2;107;28;35m▄[0m [0m
[38;2;93;84;84m▄[38;2;144;65;71;48;2;146;69;78m▄[38;2;232;224;223;48;2;233;226;224m▄[38;2;226;216;215;48;2;227;217;216m▄[38;2;229;185;209;48;2;229;186;209m▄[38;2;254;34;246;48;2;254;40;241m▄[38;2;254;0;152;48;2;254;0;222m▄[38;2;60;0;10;48;2;220;0;79m▄[38;2;1;0;0;48;2;44;0;8m▄[38;2;0;0;0;48;2;1;0;0m▄[48;2;0;0;0m▄[48;2;37;0;5m▄[38;2;32;0;5;48;2;208;1;92m▄[38;2;245;1;134;48;2;254;0;157m▄[38;2;254;0;132;48;2;254;0;131m▄[38;2;254;0;129;48;2;254;0;130m▄▄▄[48;2;254;0;129m▄[48;2;254;0;130m▄[38;2;254;0;130;48;2;254;0;131m▄[38;2;254;0;131;48;2;254;0;132m▄[38;2;245;2;142;48;2;254;0;143m▄[38;2;61;0;9;48;2;221;0;114m▄[38;2;3;0;0;48;2;65;0;9m▄[38;2;2;0;0;48;2;4;0;0m▄[38;2;3;0;0m▄[38;2;5;0;0;48;2;60;0;8m▄[38;2;77;0;13;48;2;208;0;79m▄[38;2;228;0;150;48;2;252;0;234m▄[38;2;254;45;251;48;2;254;54;241m▄[38;2;226;182;209;48;2;227;184;209m▄[38;2;216;201;199;48;2;216;201;199m▄[38;2;217;202;200;48;2;216;201;200m▄[38;2;129;46;52;48;2;129;47;52m▄[38;2;156;142;144;48;2;106;96;99m▄[0m
[38;2;158;155;155;48;2;137;131;131m▄[38;2;120;34;41;48;2;137;52;59m▄[38;2;231;222;221;48;2;231;223;222m▄[38;2;229;219;218;48;2;227;217;216m▄[38;2;223;192;205;48;2;227;187;208m▄[38;2;254;57;249;48;2;254;39;248m▄[38;2;233;3;94;48;2;234;1;96m▄[38;2;0;0;0;48;2;1;0;0m▄[48;2;0;0;0m▄▄▄▄▄[38;2;147;0;47;48;2;173;1;73m▄[38;2;254;0;155;48;2;254;0;143m▄[38;2;254;0;129;48;2;254;0;129m▄▄▄▄[38;2;254;0;130m▄[48;2;254;0;130m▄[38;2;254;0;133;48;2;254;0;131m▄[38;2;152;0;75;48;2;191;1;97m▄[38;2;2;0;0;48;2;2;0;0m▄[38;2;3;0;0;48;2;3;0;0m▄[38;2;4;0;0m▄▄[38;2;3;0;0m▄[38;2;8;0;0;48;2;11;0;1m▄[38;2;199;0;69;48;2;206;0;82m▄[38;2;254;63;250;48;2;254;47;251m▄[38;2;220;187;203;48;2;224;183;207m▄[38;2;219;204;201;48;2;217;202;200m▄[38;2;220;204;202;48;2;218;203;201m▄[38;2;106;23;33;48;2;123;39;46m▄[38;2;193;176;178;48;2;182;166;168m▄[0m
[38;2;171;165;164;48;2;162;158;157m▄[38;2;104;14;22;48;2;100;13;19m▄[38;2;212;203;202;48;2;230;221;220m▄[38;2;231;221;220;48;2;230;221;219m▄[38;2;220;207;206;48;2;218;200;202m▄[38;2;245;133;234;48;2;253;82;247m▄[38;2;254;3;226;48;2;252;5;138m▄[38;2;198;0;47;48;2;52;0;8m▄[38;2;17;0;2;48;2;0;0;0m▄[38;2;0;0;0m▄▄[38;2;1;0;0m▄[38;2;79;0;12;48;2;1;0;0m▄[38;2;250;1;133;48;2;190;1;74m▄[38;2;254;0;135;48;2;254;0;146m▄[38;2;254;0;132;48;2;254;0;130m▄[38;2;254;0;131m▄▄▄[38;2;254;0;132;48;2;254;0;131m▄▄[38;2;254;0;130m▄[38;2;239;1;133;48;2;178;0;90m▄[38;2;54;0;8;48;2;3;0;0m▄[38;2;4;0;0;48;2;4;0;0m▄[48;2;5;0;0m▄[38;2;5;0;0m▄[38;2;18;0;2m▄[38;2;161;0;28;48;2;56;0;8m▄[38;2;241;1;202;48;2;213;2;105m▄[38;2;245;130;232;48;2;253;85;246m▄[38;2;215;199;199;48;2;214;195;198m▄[38;2;222;206;203;48;2;220;205;201m▄[38;2;203;188;185;48;2;220;204;202m▄[38;2;107;16;26;48;2;95;8;18m▄[38;2;178;160;161;48;2;202;182;184m▄[0m
[7m[38;2;118;115;114m▄[0m[38;2;121;68;72;48;2;120;39;46m▄[38;2;171;124;127;48;2;186;167;167m▄[38;2;232;222;220;48;2;232;221;220m▄[38;2;231;220;218;48;2;226;214;213m▄[38;2;217;203;204;48;2;230;181;216m▄[38;2;244;145;235;48;2;254;33;252m▄[38;2;254;27;253;48;2;252;4;199m▄[38;2;254;1;244;48;2;218;0;56m▄[38;2;251;0;184;48;2;117;0;19m▄[38;2;251;0;163;48;2;92;0;15m▄[38;2;253;0;181;48;2;145;0;23m▄[38;2;254;0;173;48;2;244;1;111m▄[38;2;254;0;150;48;2;254;1;159m▄[38;2;254;0;143;48;2;254;0;137m▄[38;2;254;0;141;48;2;254;0;135m▄[38;2;254;0;139;48;2;254;0;133m▄▄[38;2;254;0;140;48;2;254;0;134m▄▄[38;2;254;0;141;48;2;254;0;135m▄[38;2;254;0;143m▄[38;2;254;0;147;48;2;254;0;150m▄[38;2;254;0;169;48;2;218;0;106m▄[38;2;242;0;172;48;2;105;0;16m▄[38;2;228;0;138;48;2;55;0;9m▄[38;2;231;0;155;48;2;87;0;13m▄[38;2;248;0;226;48;2;173;0;33m▄[38;2;254;25;252;48;2;230;0;164m▄[38;2;244;139;231;48;2;254;32;251m▄[38;2;215;196;200;48;2;229;175;213m▄[38;2;223;207;205;48;2;219;204;203m▄[38;2;224;207;204;48;2;223;206;204m▄[38;2;169;120;123;48;2;182;157;156m▄[38;2;144;78;87;48;2;130;46;56m▄[0m[7m[38;2;121;109;110m▄[0m
  [38;2;114;23;34;48;2;155;75;82m▄[38;2;232;222;219;48;2;233;223;220m▄[38;2;233;222;218;48;2;232;221;218m▄[38;2;231;220;216;48;2;228;217;214m▄[38;2;230;219;215;48;2;217;202;205m▄[38;2;223;212;210;48;2;234;177;223m▄[38;2;219;202;207;48;2;251;97;247m▄[38;2;231;181;222;48;2;254;24;252m▄[38;2;245;130;239;48;2;254;0;243m▄[38;2;254;68;251;48;2;254;0;211m▄[38;2;254;28;243;48;2;254;0;181m▄[38;2;254;0;227;48;2;254;0;164m▄[38;2;254;0;209;48;2;254;0;155m▄[38;2;254;0;194;48;2;254;0;151m▄[38;2;254;0;185;48;2;254;0;149m▄[38;2;254;0;181m▄▄[38;2;254;0;184;48;2;254;0;150m▄[38;2;254;0;194;48;2;254;0;151m▄[38;2;254;0;207;48;2;254;0;156m▄[38;2;254;1;225;48;2;254;0;163m▄[38;2;254;28;241;48;2;254;0;178m▄[38;2;254;67;246;48;2;254;0;205m▄[38;2;244;126;233;48;2;254;0;238m▄[38;2;228;174;214;48;2;254;23;251m▄[38;2;214;195;200;48;2;251;93;243m▄[38;2;219;203;202;48;2;231;170;218m▄[38;2;225;208;205;48;2;215;195;199m▄[38;2;225;207;205;48;2;223;206;204m▄[38;2;226;208;205;48;2;225;207;205m▄[38;2;227;208;205;48;2;226;207;205m▄[38;2;118;28;36;48;2;155;77;84m▄[0m[7m[38;2;78;50;55m▄[0m [0m
  [7m[38;2;88;11;23m▄[0m[38;2;177;135;138;48;2;197;179;177m▄[38;2;236;225;221;48;2;234;223;219m▄[38;2;233;223;218;48;2;232;222;217m▄[38;2;232;221;217;48;2;231;220;216m▄[38;2;231;220;215;48;2;230;219;214m▄[38;2;230;219;214;48;2;229;218;213m▄[38;2;229;218;213;48;2;225;213;210m▄[38;2;228;217;212;48;2;220;207;207m▄[38;2;228;216;211;48;2;220;198;208m▄[38;2;226;214;209;48;2;228;183;218m▄[38;2;223;210;207;48;2;236;166;227m▄[38;2;220;207;206;48;2;243;129;236m▄[38;2;219;204;205;48;2;248;104;243m▄[38;2;218;202;204;48;2;251;82;245m▄[38;2;217;201;203;48;2;253;73;245m▄[48;2;253;73;244m▄[38;2;217;202;203;48;2;251;83;242m▄[38;2;217;203;203;48;2;247;105;239m▄[38;2;219;204;204;48;2;242;128;233m▄[38;2;221;206;204;48;2;234;163;223m▄[38;2;224;208;206;48;2;226;179;213m▄[38;2;226;209;207;48;2;216;194;203m▄[48;2;216;201;201m▄[38;2;226;209;206;48;2;221;206;204m▄[48;2;226;208;206m▄[38;2;226;208;206m▄[38;2;227;208;206m▄▄[38;2;229;208;206;48;2;227;208;205m▄[38;2;186;127;138;48;2;199;177;176m▄[0m[7m[38;2;96;11;21m▄[0m  [0m
    [38;2;167;161;159;48;2;238;228;224m▄[38;2;238;227;223;48;2;236;225;220m▄[38;2;235;225;220;48;2;233;223;218m▄[38;2;233;222;218;48;2;232;221;216m▄[38;2;232;221;216;48;2;231;220;215m▄[38;2;231;220;215;48;2;230;219;214m▄[38;2;230;219;214;48;2;229;218;213m▄[38;2;230;218;213;48;2;229;217;212m▄[38;2;229;217;212;48;2;228;216;211m▄[48;2;228;216;210m▄[38;2;228;216;211;48;2;227;215;210m▄[38;2;228;215;210;48;2;227;215;209m▄[48;2;227;214;209m▄[38;2;228;214;209;48;2;227;212;208m▄[38;2;227;213;209m▄[38;2;227;212;209;48;2;227;211;208m▄[38;2;227;212;208;48;2;226;211;208m▄[38;2;227;211;208;48;2;226;211;207m▄[38;2;228;211;208;48;2;226;210;207m▄[38;2;228;210;208m▄[48;2;227;210;207m▄[38;2;228;210;207m▄[48;2;227;209;207m▄▄[38;2;228;209;207;48;2;227;209;206m▄[38;2;230;208;207;48;2;228;209;206m▄[38;2;233;208;207;48;2;229;208;207m▄[38;2;184;158;160;48;2;233;207;208m▄[0m[7m[38;2;126;107;110m▄[0m   [0m
     [7m[38;2;187;180;178m▄[0m[38;2;176;169;167;48;2;238;228;223m▄[38;2;239;228;223;48;2;236;225;220m▄[38;2;237;226;220;48;2;234;223;218m▄[38;2;234;224;219;48;2;232;221;217m▄[38;2;233;222;218;48;2;231;220;216m▄[38;2;232;221;217;48;2;231;219;215m▄[38;2;232;220;216;48;2;230;219;214m▄[38;2;231;219;215;48;2;230;218;213m▄[38;2;231;218;214;48;2;229;217;212m▄[38;2;230;217;213;48;2;229;216;211m▄[38;2;230;217;212m▄[38;2;230;216;212;48;2;229;215;211m▄[38;2;230;215;211;48;2;229;214;210m▄▄[38;2;230;214;210;48;2;229;212;209m▄[38;2;230;213;210m▄[38;2;230;212;209;48;2;229;211;209m▄[48;2;229;211;208m▄[38;2;230;211;209m▄▄[48;2;229;210;208m▄[38;2;232;210;209m▄[38;2;235;209;209;48;2;230;209;208m▄[38;2;186;162;164;48;2;234;208;208m▄[0m[7m[38;2;196;170;172m▄[0m     [0m
       [7m[38;2;130;125;124m▄[38;2;237;227;223m▄[0m[38;2;195;187;185;48;2;237;227;221m▄[38;2;239;228;223;48;2;236;225;220m▄[38;2;237;226;221;48;2;234;223;219m▄[38;2;236;224;220;48;2;233;222;217m▄[38;2;235;223;218;48;2;233;221;216m▄[38;2;232;219;215;48;2;232;220;216m▄[38;2;211;199;195;48;2;232;219;215m▄[38;2;214;201;198;48;2;232;218;214m▄[38;2;216;202;199;48;2;232;217;213m▄[38;2;216;201;198;48;2;232;216;212m▄[38;2;213;198;195;48;2;231;215;212m▄[38;2;210;195;192;48;2;231;215;211m▄[38;2;231;214;211;48;2;231;214;211m▄[38;2;232;215;212;48;2;231;213;210m▄[38;2;233;214;211m▄[38;2;235;212;211;48;2;231;212;210m▄[38;2;237;211;211;48;2;232;211;210m▄[38;2;202;177;179;48;2;234;210;210m▄[0m[7m[38;2;237;209;210m▄[38;2;141;123;124m▄[0m       [0m
           [7m[38;2;182;175;172m▄[38;2;239;228;223m▄[38;2;238;226;221m▄[0m[38;2;156;149;146;48;2;233;221;216m▄[38;2;197;187;184;48;2;173;161;159m▄[38;2;223;210;207;48;2;166;153;150m▄[38;2;239;224;221;48;2;164;151;148m▄[48;2;163;151;148m▄[38;2;222;206;203;48;2;165;152;149m▄[38;2;196;181;180;48;2;174;160;157m▄[38;2;156;143;142;48;2;233;215;212m▄[0m[7m[38;2;236;215;214m▄[38;2;238;214;214m▄[38;2;187;167;167m▄[0m           [0m
